{"choices":{"PowerShell":23,"Ruby":21,"Java":12,"MATLAB":39,"Bash/Shell":17,"C++":3,"Scala":22,"TypeScript":1,"Julia":25,"Rust":0,"OCaml":38,"Groovy":28,"R":34,"Clojure":31,"Objective-C":36,"Swift":15,"Crystal":35,"SAS":37,"COBOL":41,"JavaScript":5,"Solidity":33,"HTML/CSS":4,"APL":16,"Fortran":40,"F#":8,"C#":2,"Elixir":7,"Lua":10,"Python":14,"Delphi":18,"SQL":6,"Go":9,"LISP":30,"Erlang":20,"Dart":27,"Haskell":19,"PHP":26,"Perl":29,"VBA":24,"C":11,"Kotlin":13,"Assembly":32},"changes":[[17113.0,3864.5,1651.5,2035.0,2793.0,3302.5,2602.0,851.5,421.0,3130.0,622.0,1569.5,1309.5,1467.5,3964.0,728.5,115.5,2242.0,85.5,902.0,350.5,690.5,508.0,519.0,83.5,519.5,569.0,942.0,149.0,186.0,321.0,417.0,723.5,570.5,371.5,145.5,128.5,62.0,254.0,157.5,101.0,73.0],[3864.5,26050.0,3757.5,1954.0,7480.5,9158.0,5756.5,731.5,519.0,3698.0,518.0,1238.0,2670.5,2143.0,5480.5,1178.5,97.0,2811.0,140.0,603.0,239.5,878.0,489.5,1221.5,155.5,320.0,1584.5,1575.0,224.0,161.0,200.0,333.0,522.0,796.0,482.5,127.0,196.5,107.0,161.0,169.5,72.0,82.0],[1651.5,3757.5,15681.0,1969.0,3694.0,4146.5,3996.5,264.5,652.5,1558.0,347.5,1181.0,1494.0,1083.0,3089.5,587.5,88.5,1376.0,236.0,291.0,134.0,410.5,229.5,1394.5,224.0,177.5,814.5,781.0,122.5,133.5,114.5,158.0,471.5,245.0,332.5,92.0,168.0,72.0,88.5,156.5,80.5,82.5],[2035.0,1954.0,1969.0,11896.0,2218.0,2670.0,2108.5,248.0,205.0,1518.5,484.5,2498.5,1598.0,933.5,3597.5,557.0,92.5,1778.0,150.5,414.0,146.5,420.0,232.0,574.0,155.5,328.5,722.0,604.0,120.5,185.0,196.5,152.5,860.5,263.0,399.5,85.5,195.0,60.0,121.0,275.5,121.0,85.5],[2793.0,7480.5,3694.0,2218.0,25423.0,10668.5,6830.0,564.0,342.5,2790.5,553.0,1484.5,2967.5,1693.5,5963.5,1000.5,104.5,3233.0,242.5,447.0,206.0,929.0,331.5,1383.0,249.0,299.0,2608.0,1410.5,220.5,230.5,200.0,274.0,585.0,597.5,570.5,114.0,185.0,111.0,106.0,222.0,82.0,87.5],[3302.5,9158.0,4146.5,2670.0,10668.5,31551.0,7773.0,641.5,367.5,3744.5,615.0,1748.5,3859.0,2166.0,7517.0,1257.0,115.0,3625.0,270.0,477.0,238.5,1129.5,431.0,1509.5,290.0,360.5,2969.0,1702.5,286.5,244.5,213.5,308.0,639.0,811.5,690.5,116.5,235.0,122.5,118.0,253.5,87.5,92.5],[2602.0,5756.5,3996.5,2108.5,6830.0,7773.0,24804.0,595.5,422.5,3027.0,476.5,1448.0,3297.5,1799.0,6313.0,894.5,111.0,3353.5,461.5,449.0,247.5,900.0,543.0,1546.0,317.0,358.5,2427.0,1226.5,264.5,270.5,226.0,320.5,544.5,495.0,820.0,117.5,189.5,119.5,120.5,255.5,92.5,100.0],[851.5,731.5,264.5,248.0,564.0,641.5,595.5,3289.0,198.5,608.5,180.0,248.0,201.5,329.0,578.0,194.5,81.5,410.5,60.0,334.0,420.5,344.5,186.0,105.0,52.0,166.0,120.0,259.5,68.0,75.5,143.5,252.5,147.5,140.5,104.5,128.5,66.0,43.0,131.0,61.0,63.0,62.0],[421.0,519.0,652.5,205.0,342.5,367.5,422.5,198.5,1947.0,301.5,101.5,145.0,128.5,212.0,327.5,118.5,68.5,216.5,63.5,241.0,112.5,101.5,135.0,234.5,56.0,108.0,79.0,139.5,63.0,64.5,101.0,152.0,115.0,68.0,101.5,72.0,60.5,46.0,119.0,56.5,64.0,56.5],[3130.0,3698.0,1558.0,1518.5,2790.5,3744.5,3027.0,608.5,301.5,15500.0,473.5,1128.5,1672.5,1530.5,4019.5,727.0,84.0,2142.0,94.0,504.0,260.5,704.5,455.0,560.5,92.5,338.0,827.0,1175.5,207.0,180.5,200.0,288.0,452.5,576.5,403.5,121.5,159.0,62.5,132.5,148.5,92.0,84.0],[622.0,518.0,347.5,484.5,553.0,615.0,476.5,180.0,101.5,473.5,2390.0,412.5,289.5,273.5,668.0,152.5,69.5,517.0,60.5,202.0,112.0,176.0,101.5,163.5,63.0,145.0,207.5,182.0,65.5,106.5,149.0,121.0,241.5,98.5,113.5,74.5,71.0,44.0,90.0,76.5,73.0,62.0],[1569.5,1238.0,1181.0,2498.5,1484.5,1748.5,1448.0,248.0,145.0,1128.5,412.5,7856.0,1093.0,623.5,2404.5,394.5,95.5,1595.0,109.5,399.0,157.0,346.0,173.0,399.5,115.0,247.5,532.0,398.5,104.0,197.0,226.5,152.0,946.5,166.0,286.5,84.0,173.0,50.5,127.0,203.0,115.0,78.0],[1309.5,2670.5,1494.0,1598.0,2967.5,3859.0,3297.5,201.5,128.5,1672.5,289.5,1093.0,13345.0,1957.5,3307.5,637.5,79.0,1635.5,106.0,261.5,122.0,435.5,458.0,567.5,141.5,158.5,941.0,778.0,348.5,160.5,127.5,211.5,411.0,285.5,345.5,68.5,171.5,73.0,77.5,170.0,72.0,84.0],[1467.5,2143.0,1083.0,933.5,1693.5,2166.0,1799.0,329.0,212.0,1530.5,273.5,623.5,1957.5,9316.0,2083.0,948.5,71.5,1011.0,81.5,319.5,140.5,380.5,387.5,374.0,85.5,195.0,560.0,946.0,211.0,120.0,121.5,228.5,307.5,263.5,251.5,87.5,173.5,57.5,100.5,128.5,73.5,74.5],[3964.0,5480.5,3089.5,3597.5,5963.5,7517.0,6313.0,578.0,327.5,4019.5,668.0,2404.5,3307.5,2083.0,29350.0,1127.0,118.5,4044.5,231.5,687.5,238.0,923.0,655.5,1278.5,265.5,670.0,1751.0,1455.5,270.0,267.0,308.5,335.0,826.0,666.0,1108.5,103.5,219.5,118.5,157.0,408.5,142.5,89.5],[728.5,1178.5,587.5,557.0,1000.5,1257.0,894.5,194.5,118.5,727.0,152.5,394.5,637.5,948.5,1127.0,5071.0,70.0,539.0,76.0,173.5,105.0,322.5,150.5,202.5,84.5,129.5,351.5,547.5,96.0,90.0,85.5,107.5,198.0,204.5,183.0,70.5,271.0,64.0,78.0,97.0,61.0,63.5],[115.5,97.0,88.5,92.5,104.5,115.0,111.0,81.5,68.5,84.0,69.5,95.5,79.0,71.5,118.5,70.0,608.0,109.0,57.5,102.5,74.0,65.0,56.5,55.5,49.0,69.0,65.5,70.0,46.5,52.0,74.0,87.0,103.5,52.0,61.0,58.0,48.5,47.0,63.5,51.0,55.5,55.5],[2242.0,2811.0,1376.0,1778.0,3233.0,3625.0,3353.5,410.5,216.5,2142.0,517.0,1595.0,1635.5,1011.0,4044.5,539.0,109.0,13242.0,104.0,504.0,208.5,547.0,344.5,946.5,137.5,333.0,965.5,620.0,237.0,262.0,277.0,273.5,734.5,322.5,432.5,99.5,145.5,69.0,130.5,186.0,113.5,83.0],[85.5,140.0,236.0,150.5,242.5,270.0,461.5,60.0,63.5,94.0,60.5,109.5,106.0,81.5,231.5,76.0,57.5,104.0,1663.0,58.5,60.5,59.0,51.5,107.0,72.5,55.5,153.5,86.0,51.5,59.5,54.0,60.5,79.0,50.5,63.0,57.5,59.0,45.0,52.5,57.5,58.0,56.5],[902.0,603.0,291.0,414.0,447.0,477.0,449.0,334.0,241.0,504.0,202.0,399.0,261.5,319.5,687.5,173.5,102.5,504.0,58.5,2961.0,206.5,176.5,254.5,120.5,48.0,205.5,104.5,184.5,78.5,97.5,236.5,250.5,241.0,120.0,135.5,86.0,69.5,40.5,204.0,78.0,79.5,61.5],[350.5,239.5,134.0,146.5,206.0,238.5,247.5,420.5,112.5,260.5,112.0,157.0,122.0,140.5,238.0,105.0,74.0,208.5,60.5,206.5,1224.0,116.5,105.5,63.5,45.5,101.5,72.5,121.0,62.5,64.5,131.5,141.5,105.5,77.0,73.5,76.5,58.5,42.5,107.0,54.0,63.0,56.5],[690.5,878.0,410.5,420.0,929.0,1129.5,900.0,344.5,101.5,704.5,176.0,346.0,435.5,380.5,923.0,322.5,65.0,547.0,59.0,176.5,116.5,3907.0,156.0,177.5,72.0,127.0,320.0,261.0,78.5,128.5,110.5,119.5,176.0,156.0,218.5,135.0,109.0,64.5,77.5,94.0,66.5,65.5],[508.0,489.5,229.5,232.0,331.5,431.0,543.0,186.0,135.0,455.0,101.5,173.0,458.0,387.5,655.5,150.5,56.5,344.5,51.5,254.5,105.5,156.0,2451.0,114.5,51.5,139.0,104.0,148.5,91.0,75.0,105.0,172.5,96.5,115.5,156.5,55.5,62.5,51.5,92.0,66.0,55.5,52.0],[519.0,1221.5,1394.5,574.0,1383.0,1509.5,1546.0,105.0,234.5,560.5,163.5,399.5,567.5,374.0,1278.5,202.5,55.5,946.5,107.0,120.5,63.5,177.5,114.5,4700.0,142.5,98.0,409.5,260.5,104.0,98.0,64.5,75.0,213.0,126.0,206.0,53.5,90.5,58.0,54.5,104.0,59.0,57.5],[83.5,155.5,224.0,155.5,249.0,290.0,317.0,52.0,56.0,92.5,63.0,115.0,141.5,85.5,265.5,84.5,49.0,137.5,72.5,48.0,45.5,72.0,51.5,142.5,923.0,56.5,137.5,69.0,45.5,64.0,48.0,47.5,73.5,55.5,102.5,48.0,54.5,51.0,43.5,67.0,49.5,52.5],[519.5,320.0,177.5,328.5,299.0,360.5,358.5,166.0,108.0,338.0,145.0,247.5,158.5,195.0,670.0,129.5,69.0,333.0,55.5,205.5,101.5,127.0,139.0,98.0,56.5,2221.0,81.0,144.0,61.0,78.0,124.5,129.0,131.0,103.0,240.5,71.5,62.0,47.5,98.0,102.0,89.5,53.0],[569.0,1584.5,814.5,722.0,2608.0,2969.0,2427.0,120.0,79.0,827.0,207.5,532.0,941.0,560.0,1751.0,351.5,65.5,965.5,153.5,104.5,72.5,320.0,104.0,409.5,137.5,81.0,7325.0,483.0,71.0,151.0,75.0,68.0,210.0,169.0,229.0,58.0,124.0,77.5,49.0,109.0,61.5,69.5],[942.0,1575.0,781.0,604.0,1410.5,1702.5,1226.5,259.5,139.5,1175.5,182.0,398.5,778.0,946.0,1455.5,547.5,70.0,620.0,86.0,184.5,121.0,261.0,148.5,260.5,69.0,144.0,483.0,6083.0,103.5,84.5,85.0,141.5,205.5,282.0,175.0,84.0,113.0,55.0,71.5,98.5,63.5,64.5],[149.0,224.0,122.5,120.5,220.5,286.5,264.5,68.0,63.0,207.0,65.5,104.0,348.5,211.0,270.0,96.0,46.5,237.0,51.5,78.5,62.5,78.5,91.0,104.0,45.5,61.0,71.0,103.5,1037.0,61.5,53.5,72.0,63.0,55.5,66.5,51.5,54.5,41.0,48.5,49.5,52.5,51.0],[186.0,161.0,133.5,185.0,230.5,244.5,270.5,75.5,64.5,180.5,106.5,197.0,160.5,120.0,267.0,90.0,52.0,262.0,59.5,97.5,64.5,128.5,75.0,98.0,64.0,78.0,151.0,84.5,61.5,934.0,92.0,66.5,103.5,60.0,95.5,56.0,68.0,47.0,60.5,62.5,69.0,58.0],[321.0,200.0,114.5,196.5,200.0,213.5,226.0,143.5,101.0,200.0,149.0,226.5,127.5,121.5,308.5,85.5,74.0,277.0,54.0,236.5,131.5,110.5,105.0,64.5,48.0,124.5,75.0,85.0,53.5,92.0,1240.0,221.0,155.0,61.5,94.5,64.0,59.5,44.0,123.0,69.5,71.5,54.0],[417.0,333.0,158.0,152.5,274.0,308.0,320.5,252.5,152.0,288.0,121.0,152.0,211.5,228.5,335.0,107.5,87.0,273.5,60.5,250.5,141.5,119.5,172.5,75.0,47.5,129.0,68.0,141.5,72.0,66.5,221.0,1938.0,116.5,85.5,89.5,83.0,54.0,47.5,113.0,55.0,61.5,61.5],[723.5,522.0,471.5,860.5,585.0,639.0,544.5,147.5,115.0,452.5,241.5,946.5,411.0,307.5,826.0,198.0,103.5,734.5,79.0,241.0,105.5,176.0,96.5,213.0,73.5,131.0,210.0,205.5,63.0,103.5,155.0,116.5,3046.0,118.0,128.5,77.5,94.0,44.0,97.5,110.5,87.0,78.5],[570.5,796.0,245.0,263.0,597.5,811.5,495.0,140.5,68.0,576.5,98.5,166.0,285.5,263.5,666.0,204.5,52.0,322.5,50.5,120.0,77.0,156.0,115.5,126.0,55.5,103.0,169.0,282.0,55.5,60.0,61.5,85.5,118.0,2606.0,120.5,52.0,66.5,53.5,57.5,68.5,51.0,51.0],[371.5,482.5,332.5,399.5,570.5,690.5,820.0,104.5,101.5,403.5,113.5,286.5,345.5,251.5,1108.5,183.0,61.0,432.5,63.0,135.5,73.5,218.5,156.5,206.0,102.5,240.5,229.0,175.0,66.5,95.5,94.5,89.5,128.5,120.5,2934.0,57.5,74.5,78.0,61.0,160.5,70.5,60.0],[145.5,127.0,92.0,85.5,114.0,116.5,117.5,128.5,72.0,121.5,74.5,84.0,68.5,87.5,103.5,70.5,58.0,99.5,57.5,86.0,76.5,135.0,55.5,53.5,48.0,71.5,58.0,84.0,51.5,56.0,64.0,83.0,77.5,52.0,57.5,510.0,50.5,43.5,64.0,50.0,58.0,58.5],[128.5,196.5,168.0,195.0,185.0,235.0,189.5,66.0,60.5,159.0,71.0,173.0,171.5,173.5,219.5,271.0,48.5,145.5,59.0,69.5,58.5,109.0,62.5,90.5,54.5,62.0,124.0,113.0,54.5,68.0,59.5,54.0,94.0,66.5,74.5,50.5,877.0,44.5,53.0,71.5,55.5,52.0],[62.0,107.0,72.0,60.0,111.0,122.5,119.5,43.0,46.0,62.5,44.0,50.5,73.0,57.5,118.5,64.0,47.0,69.0,45.0,40.5,42.5,64.5,51.5,58.0,51.0,47.5,77.5,55.0,41.0,47.0,44.0,47.5,44.0,53.5,78.0,43.5,44.5,378.0,43.0,48.5,43.0,43.0],[254.0,161.0,88.5,121.0,106.0,118.0,120.5,131.0,119.0,132.5,90.0,127.0,77.5,100.5,157.0,78.0,63.5,130.5,52.5,204.0,107.0,77.5,92.0,54.5,43.5,98.0,49.0,71.5,48.5,60.5,123.0,113.0,97.5,57.5,61.0,64.0,53.0,43.0,739.0,52.5,57.0,49.5],[157.5,169.5,156.5,275.5,222.0,253.5,255.5,61.0,56.5,148.5,76.5,203.0,170.0,128.5,408.5,97.0,51.0,186.0,57.5,78.0,54.0,94.0,66.0,104.0,67.0,102.0,109.0,98.5,49.5,62.5,69.5,55.0,110.5,68.5,160.5,50.0,71.5,48.5,52.5,1059.0,70.0,48.0],[101.0,72.0,80.5,121.0,82.0,87.5,92.5,63.0,64.0,92.0,73.0,115.0,72.0,73.5,142.5,61.0,55.5,113.5,58.0,79.5,63.0,66.5,55.5,59.0,49.5,89.5,61.5,63.5,52.5,69.0,71.5,61.5,87.0,51.0,70.5,58.0,55.5,43.0,57.0,70.0,439.0,66.5],[73.0,82.0,82.5,85.5,87.5,92.5,100.0,62.0,56.5,84.0,62.0,78.0,84.0,74.5,89.5,63.5,55.5,83.0,56.5,61.5,56.5,65.5,52.0,57.5,52.5,53.0,69.5,64.5,51.0,58.0,54.0,61.5,78.5,51.0,60.0,58.5,52.0,43.0,49.5,48.0,66.5,346.0]]}